0.01 
0.01 0.96 
0.57 0.00 0.00 
0.06 0.02 0.02 0.07 
0.11 0.03 0.03 0.19 0.14 
0.00 0.02 0.03 0.00 0.02 0.03 
0.65 0.02 0.02 0.57 0.07 0.20 0.01 
0.01 0.11 0.11 0.01 0.02 0.02 0.16 0.04 
0.06 0.03 0.03 0.02 0.06 0.03 0.01 0.06 0.01 
0.21 0.03 0.03 0.03 0.00 0.01 0.01 0.19 0.00 0.20 
0.14 0.04 0.04 0.06 0.01 0.01 0.01 0.13 0.00 0.08 0.44 
新方法耗时0.657秒

0.01 
0.01 0.96 
0.57 0.00 0.00 
0.06 0.02 0.02 0.07 
0.11 0.03 0.03 0.19 0.14 
0.00 0.02 0.03 0.00 0.02 0.03 
0.65 0.02 0.02 0.57 0.07 0.20 0.01 
0.01 0.11 0.11 0.01 0.02 0.02 0.16 0.04 
0.06 0.03 0.03 0.02 0.06 0.03 0.01 0.06 0.01 
0.21 0.03 0.03 0.03 0.00 0.01 0.01 0.19 0.00 0.20 
0.14 0.04 0.04 0.06 0.01 0.01 0.01 0.13 0.00 0.08 0.44 
旧方法耗时0.143秒