x=0.01:0.01:0.99;
d1=[0.07403627227761639 0.07403627227761639 0.07403627227761639 0.07468419593711638 0.07804676184564452 0.08073095401509951 0.0837300351470392 0.08919496556637377 0.0962396757810496 0.10422222222222222 0.10529860799281546 0.107501002807862 0.10895897946047166 0.10895897946047166 0.10940272028385571 0.11282740094022833 0.11282740094022833 0.1254775198354393 0.1391318564538543 0.20693943539360776 0.20946372239747632 0.2340335542083744 0.28413983123816083 0.28413983123816083 0.3412084465816433 0.43859177640419245 0.43859177640419245 0.47011261911637314 0.4789644012944983 0.4789644012944983 0.4789644012944983 0.4789644012944983 0.5316786414108426 0.5332459875532264 0.5339901477832513 0.5339901477832513 0.5460040295500336 0.6341653666146645 0.6359014470082127 0.6359014470082127 0.6472929936305732 0.660438667749797 0.6609686609686609 0.6617766911165444 0.6713517982637454 0.6713517982637454 0.6716294458229941 0.6716294458229941 0.6716294458229941 0.691358024691358 0.683399383531484 0.683399383531484 0.6987295825771326 0.7025547445255474 0.7041609510745315 0.6976102941176471 0.6909930715935334 0.6846261031119367 0.6846261031119367 0.6821777570963239 0.678345498783455 0.6793372319688108 0.6793372319688108 0.828537170263789 0.8221820373719108 0.8226779252110978 0.816969696969697 0.816969696969697 0.8109756097560974 0.7950464396284831 0.7819548872180451 0.7710843373493976 0.7703045685279188 0.762148337595908 0.7557840616966581 0.6191155492154066 0.6141732283464566 0.5916114790286976 0.5881481481481482 0.5701425356339085 0.5625942684766214 0.556060606060606 0.5553869499241274 0.5443425076452598 0.5342571208622017 0.5148205928237128 0.4796163069544364 0.46278317152103554 0.44134536505332245 0.4033613445378151 0.3382997370727432 0.31194295900178254 0.29982046678635543 0.2718978102189781 0.2218045112781955 0.1755062680810029 0.12115193644488578 0.1098901098901099 0.08316430020283977 ];
d2=[0.4059405940594059 0.4059405940594059 0.4059405940594059 0.41118188251946214 0.4210144927536231 0.4158114785252755 0.40109034267912763 0.41598624838848297 0.4104882459312839 0.4193888303477344 0.38264738598442716 0.3931428571428571 0.38261919130959565 0.3920595533498759 0.3920595533498759 0.3920595533498759 0.42395693135935403 0.4231805929919138 0.4019404019404019 0.5189504373177842 0.5189504373177842 0.5189504373177842 0.5189504373177842 0.5189504373177842 0.5189504373177842 0.5189504373177842 0.5194552529182879 0.5194552529182879 0.5194552529182879 0.5194552529182879 0.5317220543806647 0.5317220543806647 0.5317220543806647 0.5357873210633947 0.5357873210633947 0.5357873210633947 0.5357873210633947 0.502092050209205 0.502092050209205 0.43668122270742354 0.43668122270742354 0.43668122270742354 0.37272727272727274 0.37272727272727274 0.37272727272727274 0.37272727272727274 0.37272727272727274 0.38862559241706157 0.38862559241706157 0.29787234042553185 0.29787234042553185 0.29787234042553185 0.2986198243412798 0.2986198243412798 0.2986198243412798 0.2986198243412798 0.2796271637816245 0.2796271637816245 0.2796271637816245 0.2796271637816245 0.2796271637816245 0.2796271637816245 0.2796271637816245 0.2796271637816245 0.2796271637816245 0.28225806451612906 0.25170998632010944 0.2530949105914718 0.2530949105914718 0.2530949105914718 0.2482758620689655 0.2458563535911602 0.2458563535911602 0.2458563535911602 0.2458563535911602 0.24619640387275243 0.24619640387275243 0.2486033519553073 0.2486033519553073 0.2486033519553073 0.2486033519553073 0.2486033519553073 0.2486033519553073 0.2486033519553073 0.2486033519553073 0.1930835734870317 0.1930835734870317 0.1930835734870317 0.1930835734870317 0.1904761904761905 0.1878612716763006 0.18523878437047758 0.18823529411764706 0.18851251840942562 0.1831610044313146 0.1831610044313146 0.1804733727810651 0.1804733727810651 0.1804733727810651 ];
d3=[0.5105315947843531 0.5105315947843531 0.5105315947843531 0.5066242713301536 0.5022421524663677 0.5119120342089187 0.5213333333333333 0.5370879120879121 0.5469571750563486 0.5011971268954509 0.4774774774774775 0.517786561264822 0.5182987141444115 0.39766081871345027 0.39766081871345027 0.35648754914809966 0.3569553805774278 0.24745269286754 0.24745269286754 0.24745269286754 0.24745269286754 0.22089552238805968 0.22089552238805968 0.22089552238805968 0.19571865443425074 0.19571865443425074 0.20447284345047922 0.18770226537216828 0.18770226537216828 0.18770226537216828 0.18770226537216828 0.1850649350649351 0.1850649350649351 0.1850649350649351 0.1850649350649351 0.1436077057793345 0.1436077057793345 0.1436077057793345 0.1436077057793345 0.1436077057793345 0.1436077057793345 0.1436077057793345 0.1436077057793345 0.1436077057793345 0.1436077057793345 0.1436077057793345 0.1436077057793345 0.1207815275310835 0.1207815275310835 0.1207815275310835 0.1207815275310835 0.1207815275310835 0.1207815275310835 0.1207815275310835 0.1209964412811388 0.1209964412811388 0.1209964412811388 0.1209964412811388 0.10181818181818184 0.08440366972477065 0.08440366972477065 0.08440366972477065 0.08440366972477065 0.08440366972477065 0.08088235294117647 0.08088235294117647 0.08088235294117647 0.07734806629834254 0.06307977736549165 0.06307977736549165 0.06307977736549165 0.06307977736549165 0.06307977736549165 0.06307977736549165 0.06307977736549165 0.06307977736549165 0.06307977736549165 0.06307977736549165 0.06307977736549165 0.06307977736549165 0.06307977736549165 0.06307977736549165 0.06319702602230484 0.06319702602230484 0.06319702602230484 0.06319702602230484 0.06319702602230484 0.06319702602230484 0.06319702602230484 0.06319702602230484 0.052631578947368425 0.052631578947368425 0.05333333333333334 0.04588910133843212 0.034682080924855495 0.030888030888030885 0.030888030888030885 0.030888030888030885 0.030888030888030885 ];


plot(x,d1,'-r');
hold on;
plot(x,d2,'-g');
hold on;
plot(x,d3,'-b');
hold on;
set(gca,'xtick',[0:0.1:1]);
legend('DataSet1','DataSet2','DataSet3','Location','NorthWest');
xlabel('Similarity threshold');
ylabel('F1 Score');