x=0.01:0.01:0.99;
d1=[0.03844115608821491 0.03844115608821491 0.03844115608821491 0.03879062114356232 0.04060804409611575 0.04206714649738477 0.0436983375127705 0.04668854415274463 0.050566037735849056 0.054992085360848916 0.0555917738398625 0.05682093530409498 0.05766134027003592 0.05766134027003592 0.05793198471848187 0.05986006737496761 0.05986006737496761 0.06740863525140106 0.07537643932683791 0.11721611721611722 0.11887711257519336 0.13495934959349593 0.16961348684210525 0.16961348684210525 0.2125 0.2937365010799136 0.2937365010799136 0.32301587301587303 0.3314332247557003 0.3314332247557003 0.3314332247557003 0.3314332247557003 0.38414346389806514 0.385781990521327 0.3867745004757374 0.3867745004757374 0.3995085995085995 0.5015422578655151 0.5037174721189591 0.5037174721189591 0.5181644359464627 0.5352205398288348 0.5363276089828269 0.5373924553275976 0.5501355013550135 0.5501355013550135 0.5505084745762712 0.5505084745762712 0.5505084745762712 0.577524893314367 0.5843373493975904 0.5843373493975904 0.6106264869151468 0.6164931945556446 0.6189710610932476 0.6155717761557178 0.6121112929623568 0.6090909090909091 0.6090909090909091 0.6077943615257048 0.6267985611510791 0.6284941388638413 0.6284941388638413 0.953103448275862 0.952513966480447 0.9538461538461539 0.9533239038189534 0.9533239038189534 0.9540889526542324 0.9553571428571429 0.9555895865237366 0.9589905362776026 0.9589257503949447 0.9597423510466989 0.9592169657422512 0.9455337690631809 0.9449339207048458 0.9663461538461539 0.9754299754299754 0.9743589743589743 0.9738903394255874 0.9734748010610079 0.976 0.9753424657534246 0.9747191011235955 0.9734513274336283 0.974025974025974 0.9761092150170648 0.9746376811594203 0.97165991902834 0.9747474747474747 0.9776536312849162 0.9766081871345029 0.9738562091503268 0.9752066115702479 0.9680851063829787 0.953125 0.9482758620689655 0.9534883720930233 ];
d2=[0.2546583850931677 0.2546583850931677 0.2546583850931677 0.26277702397105385 0.27086247086247084 0.27132936507936506 0.2636968766001024 0.2827102803738318 0.28428303068252975 0.3102104442712393 0.2907861369399831 0.3030837004405286 0.30422264875239924 0.316950852557673 0.316950852557673 0.316950852557673 0.3616532721010333 0.3613348676639816 0.3502415458937198 0.644927536231884 0.644927536231884 0.644927536231884 0.644927536231884 0.644927536231884 0.644927536231884 0.644927536231884 0.6464891041162227 0.6464891041162227 0.6464891041162227 0.6464891041162227 0.6984126984126984 0.6984126984126984 0.6984126984126984 0.721763085399449 0.721763085399449 0.721763085399449 0.721763085399449 0.7038123167155426 0.7038123167155426 0.6644518272425249 0.6644518272425249 0.6644518272425249 0.6188679245283019 0.6188679245283019 0.6188679245283019 0.6188679245283019 0.6188679245283019 0.7161572052401747 0.7161572052401747 0.6467391304347826 0.6467391304347826 0.6467391304347826 0.6538461538461539 0.6538461538461539 0.6538461538461539 0.6538461538461539 0.7720588235294118 0.7720588235294118 0.7720588235294118 0.7720588235294118 0.7720588235294118 0.7720588235294118 0.7720588235294118 0.7720588235294118 0.7720588235294118 0.813953488372093 0.7931034482758621 0.8214285714285714 0.8214285714285714 0.8214285714285714 0.8181818181818182 0.8165137614678899 0.8165137614678899 0.8165137614678899 0.8165137614678899 0.8240740740740741 0.8240740740740741 0.8811881188118812 0.8811881188118812 0.8811881188118812 0.8811881188118812 0.8811881188118812 0.8811881188118812 0.8811881188118812 0.8811881188118812 0.8481012658227848 0.8481012658227848 0.8481012658227848 0.8481012658227848 0.8461538461538461 0.8441558441558441 0.8421052631578947 0.9846153846153847 1.0 1.0 1.0 1.0 1.0 1.0 ];
d3=[0.34276094276094277 0.34276094276094277 0.34276094276094277 0.3468795355587808 0.35137254901960785 0.37145390070921985 0.39455095862764883 0.41288278775079196 0.44282238442822386 0.4220430107526882 0.44093178036605657 0.5208747514910537 0.5219123505976095 0.4913294797687861 0.4913294797687861 0.5354330708661418 0.5375494071146245 0.47752808988764045 0.47752808988764045 0.47752808988764045 0.47752808988764045 0.45962732919254656 0.45962732919254656 0.45962732919254656 0.4413793103448276 0.4413793103448276 0.5470085470085471 0.5321100917431193 0.5321100917431193 0.5321100917431193 0.5321100917431193 0.5327102803738317 0.5327102803738317 0.5327102803738317 0.5327102803738317 0.6612903225806451 0.6612903225806451 0.6612903225806451 0.6612903225806451 0.6612903225806451 0.6612903225806451 0.6612903225806451 0.6612903225806451 0.6612903225806451 0.6612903225806451 0.6612903225806451 0.6612903225806451 0.6296296296296297 0.6296296296296297 0.6296296296296297 0.6296296296296297 0.6296296296296297 0.6296296296296297 0.6296296296296297 0.6415094339622641 0.6415094339622641 0.6415094339622641 0.6415094339622641 0.6829268292682927 0.6388888888888888 0.6388888888888888 0.6388888888888888 0.6388888888888888 0.6388888888888888 0.6285714285714286 0.6285714285714286 0.6285714285714286 0.6176470588235294 0.5666666666666667 0.5666666666666667 0.5666666666666667 0.5666666666666667 0.5666666666666667 0.5666666666666667 0.5666666666666667 0.5666666666666667 0.5666666666666667 0.5666666666666667 0.5666666666666667 0.5666666666666667 0.5666666666666667 0.5666666666666667 0.5862068965517241 0.5862068965517241 0.5862068965517241 0.5862068965517241 0.5862068965517241 0.5862068965517241 0.5862068965517241 0.5862068965517241 0.6086956521739131 0.6086956521739131 0.875 0.8571428571428571 0.9 0.8888888888888888 0.8888888888888888 0.8888888888888888 0.8888888888888888 ];


plot(x,d1,'-r');
hold on;
plot(x,d2,'-g');
hold on;
plot(x,d3,'-b');
hold on;
set(gca,'xtick',[0:0.1:1]);
legend('DataSet1','DataSet2','DataSet3','Location','NorthWest');
xlabel('Similarity threshold');
ylabel('Precision Rate');